Kraj: Prešovský kraj
Okres: Poprad

VO
VO
VO
VO
VO
VO
VO
VO
VO
VO
VO
VO
NN ROZVÁDZAC
TRAFO DO 630kVA
VN ROZVÁDZAČ
#####
910.050
######
907.700
######
908.635
#####
910.050
#####
910.050
#####
910.050
######
908.080
 
 
63
913
 
 
41
913
 
 
75
912
 
 
51
913
 
 
56
913
 
 
94
912
 
 
89
912
 
 
16
912
 
 
54
912
 
 
60
912
 
 
78
911
 
 
68
911
 
 
32
911
 
 
21
912
 
 
30
912
 
 
23
911
 
 
29
911
 
 
02
910
 
 
97
910
 
 
96
910
 
 
04
911
 
 
06
911
 
 
39
911
 
 
25
911
 
 
72
910
 
 
76
910
 
 
04
910
 
 
84
910
 
 
08
911
 
 
09
911
 
 
53
910
 
 
33
910
 
 
01
910
 
 
68
909
 
 
57
909
 
 
28
909
 
 
91
908
 
 
78
908
 
 
94
906
 
 
87
906
 
 
82
906
 
 
80
906
 
 
04
907
 
 
05
907
 
 
69
906
 
 
72
906
 
 
79
906
 
 
70
906
 
 
66
906
 
 
34
906
 
 
25
906
 
 
90
905
 
 
98
905
 
 
68
905
 
 
63
905
 
 
02
905
 
 
99
905
 
 
42
906
 
 
47
905
 
 
82
905
 
 
67
906
 
 
59
906
 
 
19
906
 
 
48
907
 
 
76
907
 
 
37
909
 
 
61
909
 
 
77
908
 
 
79
908
908
90
 
 908
70
 
 
908
74
 
 
907
95
 
 
908
27
 
 
908
11
 
 
908
15
 
 
907
97
 
 
906
71
 
 
906
55
 
 
907
11
 
 
907
13
 
 
906
54
 
 
905
90
 
 
906
91
 
 
905
33
 
 
904
88
 
 
904
84
 
 
905
40
 
 
907
26
 
 
907
36
 
 
907
43
 
 
906
71
 
 
906
73
 
 
907
61
 
 
907
66
 
 
907
64
 
 
907
80
 
 
907
62
 
 
906
87
 
 
907
98
 
 
908
19
 
 
908
22
 
 
907
93
 
 
907
77
 
 
907
98
 
 
907
95
 
 
907
92
 
 
907
47
 
 
907
53
 
 
907
21
 
 
907
12
 
 
908
71
 
 
908
75
 
 
908
59
 
 
907
30
 
 
907
62
 
 
907
36
 
 
908
88
 
 
908
72
 
 
908
64
 
 
909
14
 
 
908
79
 
 
908
19
 
 
908
46
 
 
908
25
 
 
908
29
 
 
908
49
 
 
908
43
 
 
909
24
 
 
910
42
 
 
910
06
 
 
910
92
 
 
910
90
 
 
910
93
 
 
911
65
 
 
912
48
 
 
913
49
 
 
913
40
 
 
913
47
 
 
912
64
 
 
911
91
 
 
911
75
 
 
911
09
 
 911
01
 
 
910
63
 
 
911
46
 
 
910
85
 
 
911
44
 
 
912
62
 
 
912
42
 
 
912
13
 
 911
80
 
 
911
04
 
 
910
19
 
 
909
62
 
 
908
99
 
 
909
45
 
 
909
66
 
 
910
03
 
 
909
81
 
 
909
20
 
 
909
29
 
 
909
24
 
 
909
22
 
 
908
94
 
 
909
21
 
 
909
14
 
 
908
07
 
 
908
07
 
 
910
07
 
 
910
38
 
 
910
53
 
 
910
61
 
 
910
02
 
 
909
95
 
 
909
96
 
 
908
33
 
 
908
37
 
 
909
52
 
 
908
19
 
 
908
21
 
 
909
37
 
 
909
53
 
 
910
25
 
 
910
36
 
 
910
56
 
 
910
82
 
 
910
44
 
 
910
23
 
 
910
62
 
 
910
97
 
 
911
61
 
 
913
35
 
 
914
06
 
 
97
 
907
66
 
 
907
79
 
 
907
52
 
 
907
61
 
 
907
61
 
 
907
53
 
 907
49
 
 
907
40
 
 
907
49
 
 
907
26
 
 
907
28
 
 
907
17
 
 
907
09
 
 
907
13
 
 
906
97
 
 
907
01
 
 
907
17
 
 
907
08
 
 
907
07
 
 
907
15
 
 
907
13
 
 
907
20
 
 
907
80
 
 
908
00
 
 
908
00
 
 
908
13
 
 
907
70
 
 
906
98
 
 
907
11
 
 
908
67
 
 
907
12
 
 
907
23
 
 
907
05
 
 
907
37
 
 
907
52
 
 
907
16
 
 
907
28
 
 
907
48
 
 
907
67
 
 
908
97
 
 
907
90
 
 
908
03
 
 
907
68
 
 
907
60
 
 
907
94
 
 
908
30
 
 
909
01
 
 
908
86
 
 
908
88
 
 
909
08
 
 
908
95
 
 
907
88
 
 
908
22
 
 
908
41
 
 
908
42
 
 
908
09
 
 
907
94
 
 
908
54
 
 
908
45
 
 908
29
 
 
908
32
 
 
908
33
 
 
909
27
 
 
909
34
 
 
909
26
 
 
908
29
 
 
908
35
 
 
907
60
 
 
907
32
 
 
906
97
 
 
907
32
 
 
907
98
 
 
907
96
 
 
907
87
 
 
908
10
 
 
908
24
 
 
907
83
 
 
907
99
 
 
907
67
 
 
907
15
 
 
907
12
 
 
907
15
 
 
908
00
 
 
907
24
 
 
907
07
 
 
907
07
 
 
907
24
 
 
907
23
 
 
907
29
 
 
906
80
 
 
906
52
 
 
906
49
 
 
906
81
 
 
907
10
 
 
908
29
 
 
908
57
 
 
906
76
 
 
906
18
 
 
905
92
 
 
905
83
 
 
906
15
 
 
906
96
 
 
907
94
 
 
905
42
 
 
904
47
 
 
904
49
 
 
904
75
 
 
904
86
 
 
906
83
 
 
906
27
 
 
906
73
 
 
907
05
 
 
907
15
 
 
906
87
 
 
912
86
 
 
 
 
43
907
 
 
31
907
909
08
 
 
905
98
 
 
908
29
 
 
910
89
 
 
910
77
 
 
910
73
 
 
910
31
 
 
909
84
 
 
909
03
 
 
908
94
 
 
909
09
 
 
909
33
 
 
910
06
 
 
908
85
 
 
910
14
 
 
909
12
 
 
909
09
 
 
910
40
 
 
911
12
 
 
911
54
 
 
910
91
 
 
909
29
 
 
909
25
 
 
910
73
 
 
910
84
 
 
909
44
 
 
909
52
 
 
911
45
 
 
911
81
 
 
911
22
 
 
910
08
 
 
910
09
 
 
911
82
 
 
910
51
 
 
910
58
 
 
912
30
 
 
911
20
 
 
911
20
 
 
912
64
 
 
912
62
 
 
913
31
 
 
913
27
 
 
912
99
 
 
911
81
 
 
911
58
 
 
912
50
 
 
912
70
 
 
912
46
 
 
911
30
 
 
911
33
 
 
912
45
 
 
913
45
 
 
911
28
 
 
912
23
 
 
912
35
 
 
912
35
 
 
911
32
 
 
913
46
 
 
912
04
 
 
911
84
 
 
912
02
 
 
912
03
 
 
912
18
 
 
912
19
 
 
913
34
 
 
913
12
 
 
912
43
 
 
912
51
 
 
912
99
 
 
912
75
 
 
912
78
 
 
913
51
 
 
915
03
 
 
914
99
 
 
916
33
 
 
913
05
 
 
913
04
 
 
912
69
 
 
912
62
 
 
913
32
 
 
916
85
 
 
915
98
 
 
915
20
 
 
914
86
 
 
914
89
 
 
914
00
 
 
913
99
 
 
917
78
 
 
917
72
 
 
917
47
 
 
916
69
 
 
914
16
 
 
914
22
 
 
917
03
 
 
916
73
 
 
914
33
 
 
914
37
 
 
916
44
 
 
914
21
 
 
914
27
 
 
916
51
 
 
917
52
 
 
917
64
 
 
916
71
 
 
918
31
 
 
918
26
 
 
909
22
 
 
908
75
 
 
908
80
 
 
908
10
 
 
907
91
 
 
906
61
 
 
906
88
 
 
907
50
 
 
906
20
 
 
904
85
 
915
04
 
 
 
 
35
913
 
 
88
914
 
 
89
914
 
 
32
913
 
 
09
916
 
 
08
916
 
 
06
917 
 
05
917
 
 
75
918
 
 
71
918
 
 
71
918
 
 
08
921
 
 
25
921
 
 
42
922
 
 
37
922
 
 
24
924
 
 
33
924
 
 
50
923
 
 45
923
 
 
46
922
 
 
48
922
 
 15
921
 
 
16
921
 
 
32
921
 
 
36
921
 
 
27
921
 
 
56
924
 
 
66
924
 
 
23
918
 
 
72
916
 
 
53
914
 
 
71
916
 
 
68
916
 
 
49
917
 
 
08
918
 
 
33
914
 
 
41
914
 
 
92
913  
 
86
913
 
 
69
914
 
 
62
914
 
 
55
914
 
 
94
913
 
 
89
913
 
 
94
912
 
 
67
912
 
 
04
912
 
 
99
912
 
 
60
911
 
 
74
912
 
 
74
912
 
 
75
911
 
 
02
911
 
 
24
911
 
 
05
910
 
 
09
910
 
 
46
910
 
 
57
910
 
 
46
909
 
 
47
909
 
 
79
910
 
 
30
910
 
 
66
909
 
 
45
909
 
 
32
909
 
 
81
917
 
 
73
917
 
 
58
911
 
 
38
911
 
 
07
911
 
 
07
912
 
 
13
912
 
 
17
912
 
 
03
912
 
 
32
910
 
 
09
910
 
 
10
910
 
 
02
910
 
 
03
910
 
 
32
910
 
 
20
911
 
 
82
911
 
 
02
913
 
 
19
913
 
 
36
913
 
 
69
912
 
 
38
911
 
 
25
911
 
 
96
910
 
 
58
909
 
 
06
909
 
 
89
908
 
 
68
908
 
 
51
908
 
 
51
909
 
 
07
910
 
 
15
911
 
 
59
910
 
 
48
910
 
 
07
911
######
906.600
RODINNÝ DOM
2420/9
NAVRHOVANÝ VSTUP
NAVRHOVANÝ VJAZD / VÝJAZD
NAVRHOVANÝ BYTOVÝ DOM
±0,000 = 910,050 m n.m. Bpv
NAVRHOVANÝ BYTOVÝ DOM
±0,000 = 907,900 m n.m. Bpv
EXISTUJÚCI VJAZD / VÝJAZD
ulica PARTIZÁNSKA
x
x
x
x
x
x
x
x
x
x
x
x
x
x
x
x
x
x
x
x
x
x
x
IP
IP
IP
VSAK 1
LIESKOVEC
LIESKOVEC
RH
E31
E30
E32
E33
E35
E36
E37
E04
E05
E06
E07
E08
E10
E11
E12
E13
E14
E15
E16
E17
E18
E19
E20
E21
E22
E23
E24
E25
E26
E27
E28
E29
E01
E03
E02
E09
E34
2414/11
2416/2
2414/1
2424
2423/2
2540/13
2422/1
2423/1
2430/4
2540/12
2416/3
2426
2422/2
2430/5
2430/6
2420/5
2422/3
2540/11
2420/8
2431/5
2420/6
2420/7
2455
2432
2454/1
2540/3
2454/5
2454/4
2420/1
2420/22
:/21
:/20
:/19
:/18
:/17
:/16
:/15
2420/13
2420/2
2433/36
2433/23
2433/35
2433/30
2433/24
2433/18
2433/13
2433/31
2433/25
2433/19
2433/14
243
24
2433/1
2433/3
2433/2
2431/3
x
x
x
x
x
x
x
x
x
x
x
2540/32
2430/14
2431/4
2431/1
6.75
VSTUP NA STAVENISKO
SO 01
SO 02
x
x
x
x
x
x
x
x
x
x
x
x
x
x
x
x
x
x
Š2
Š4
Š5
Š6
Š7
PVC D315
13,0m-0,5%
PVC D315
25,5m-0,5%
PVC D315
28,7m-0,5%
PVC D315
15,2m-0,5%
PVC D315
6,0m-0,5%
STOKA "S1" PVC,
DN300,SN12 - 92,5m
Vloženie novej kanalizačnej 
šachty s novým kanalizačným dnom
Vloženie novej kanalizačnej 
šachty s novým kanalizačným dnom
Vloženie novej kanalizačnej 
šachty s novým kanalizačným dnom
Ochranné pásmo kanalizácie 1,8m
kanalizácie 1,8m
Ochranné pásmo
Š3
kanalizácie 1,8m
Ochranné pásmo
Š1
4,1m-0,5%
od hrany 5,0m
Manipulačné pásmo toku
Še
od hrany 5,0m
Manipulačné pásmo toku
od hrany 5,0m
Manipulačné pásmo toku
Existujúce inžinierske siete :
Verejná splašková kanalizácia
Navrhované inžinierske siete :
- PRED ZAČATÍM ZEMNÝCH PRÁC JE NUTNÉ VYTÝČIŤ VŠETKY PODZEMNÉ VEDENIA. 
  PRI ICH KRIŽOVANÍA SÚBEHU JE NUTNÉ DODRŽAŤ NORMU STN 736005.
POZNÁMKA
Verejná splašková kanalizácia - demontovať
LEGENDA:
Riešený objekt - SO 02
Še - Šachta splaškovej kanalizácie DN1000
Preložená verejná splašková kanalizácia PVC Ø315 SN12
Riešený objekt - SO 01
Š - Prefabrikovaná šachta splaškovej kanalizácie DN1000
Ochranné pásmo kanalizácie 1,8m od osi potrubia
SO 02 : ± 0,000 = 907,900 m n.m. Bpv 
Ing. Miloslav Remiš
Ing. Mgr. art. Marek Vereš
Objekt
Číslo zákazky
Obsah
Stupeň dokumentácie
Mierka
Formát
Investor
Vypracovala
Zodpovedný projektant
Stavba
Číslo výkresu
Profesia
Autor projektu
Dátum
10 x A4
VH
PSP
Jakub Kirner Výboch
DOKUMENTÁCIA PRE STAVEBNÉ POVOLENIE
153-25-ZP
10/2025
ATP development, s.r.o. Fatranská 1082, 013 01 Teplička nad Váhom
BYTOVÉ DOMY "TATRYPARK"
k.ú. Štrba, obec Štrba
SO 01 : ± 0,000 = 910,050 m n.m. Bpv 
Sada číslo:
Žilina Projekt, s.r.o.
Karpatská 8402/9A, 010 08  Žilina
e-mail: zilinaprojekt@gmail.com
e-mail: matusek@zilinaprojekt.sk
mobil: 0905 560 242
1:250
SO 03.2 - Prekládka splaškovej kanalizácie
Situácia
01